# 3ds Max Wavefront OBJ Exporter v0.97b - (c)2007 guruware
# File Created: 13.09.2015 14:53:07

mtllib ../model/bridge.mtl

#
# object Component_002
#

v  -34745.0078 51750.1328 -55598.8281
v  -34327.0703 49290.0586 -68662.8125
v  -34127.3984 49300.6680 -68658.4219
v  -34545.3359 51760.7422 -55594.4414
v  -34749.8125 51848.2656 -55617.4609
v  -34331.8750 49388.1914 -68681.4375
v  -33528.3750 49332.4922 -68645.2500
v  -33533.1797 49430.6250 -68663.8750
v  -34064.9453 48024.9609 -68416.1875
v  -34482.8906 50485.0352 -55352.2070
v  -34145.9922 51781.9570 -55585.6563
v  -33946.3125 51792.5664 -55581.2656
v  -33951.1250 51890.6992 -55599.8984
v  -33665.6016 48046.1797 -68407.4063
v  -33728.0547 49321.8828 -68649.6406
v  -33461.1250 47958.6563 -68384.3828
v  -34264.6172 48014.3516 -68420.5781
v  -34259.8203 47916.2227 -68401.9531
v  -33465.9297 48056.7852 -68403.0156
v  -34682.5547 50474.4297 -55356.5938
v  -34083.5391 50506.2539 -55343.4219
v  -34677.7578 50376.2969 -55337.9609
v  -33879.0625 50418.7305 -55320.4023
v  -33883.8672 50516.8594 -55339.0352
v  -34469.9063 50506.2539 -54781.2539
v  -46516.4609 48046.1797 -49709.4766
v  -46440.8125 48056.7852 -49524.6367
v  -34394.2578 50516.8594 -54596.4180
v  -34718.4375 51781.9570 -54752.7539
v  -46764.9922 49321.8828 -49680.9766
v  -34869.7422 51760.7422 -55122.4336
v  -34945.3906 51750.1328 -55307.2695
v  -34964.5156 51848.2656 -55305.0742
v  -34642.7813 51792.5664 -54567.9180
v  -34661.8984 51890.6992 -54565.7227
v  -34621.2188 50485.0352 -55150.9336
v  -34375.1406 50418.7305 -54598.6094
v  -34696.8672 50474.4297 -55335.7695
v  -46421.6953 47958.6563 -49526.8281
v  -46916.2891 49300.6680 -50050.6523
v  -46667.7734 48024.9609 -50079.1563
v  -47011.0625 49388.1914 -50233.2930
v  -46991.9453 49290.0586 -50235.4883
v  -46689.3359 49332.4922 -49496.1367
v  -46708.4453 49430.6250 -49493.9414
v  -46743.4219 48014.3516 -50263.9883
v  -46724.3125 47916.2227 -50266.1836
v  -48171.3828 46621.7227 -57490.4336
v  -48242.5078 48119.2383 -57539.3203
v  -41389.2188 48119.2383 -67510.8281
v  -41318.0859 46621.7227 -67461.9375
v  -47348.6094 46679.2656 -56924.9492
v  -47419.7422 48176.7813 -56973.8398
v  -40495.3125 46679.2656 -66896.4531
v  -40566.4531 48176.7813 -66945.3438
v  -47573.0938 46779.0000 -57644.4414
v  -53658.5078 45536.2695 -55082.3867
v  -53582.8594 45546.8789 -54897.5508
v  -47497.4297 46789.6094 -57459.6016
v  -53563.7422 45448.7500 -54899.7383
v  -47478.3203 46691.4766 -57461.7969
v  -47780.9297 46649.0430 -58201.1484
v  -47800.0469 46747.1758 -58198.9531
v  -47821.6172 48054.7070 -57615.9414
v  -53907.0391 46811.9766 -55053.8828
v  -53885.4688 45504.4453 -55636.8984
v  -53866.3594 45406.3164 -55639.0938
v  -53809.8203 45515.0547 -55452.0625
v  -47972.9141 48033.4883 -57985.6133
v  -48048.5703 48022.8828 -58170.4570
v  -48067.6875 48121.0117 -58168.2578
v  -47745.9609 48065.3125 -57431.0977
v  -47765.0781 48163.4453 -57428.9102
v  -47724.3984 46757.7852 -58014.1172
v  -53831.3828 46822.5859 -54869.0469
v  -54058.3516 46790.7617 -55423.5625
v  -54153.1094 46878.2852 -55606.2070
v  -54133.9922 46780.1523 -55608.3984
v  -53850.5000 46920.7148 -54866.8555
v  -42005.9688 48022.8828 -66962.4219
v  -41794.8359 46780.1523 -73561.7969
v  -41595.1719 46790.7617 -73557.4063
v  -41806.2891 48033.4883 -66958.0234
v  -42010.7656 48121.0117 -66981.0469
v  -41799.6406 46878.2852 -73580.4375
v  -40996.1484 46822.5859 -73544.2344
v  -41000.9531 46920.7148 -73562.8750
v  -41532.7109 45515.0547 -73315.1719
v  -41743.8438 46757.7852 -66715.7969
v  -41406.9453 48054.7070 -66949.2500
v  -41207.2734 48065.3125 -66944.8516
v  -41212.0781 48163.4453 -66963.4844
v  -41133.3672 45536.2695 -73306.3906
v  -41195.8203 46811.9766 -73548.6250
v  -40928.8906 45448.7500 -73283.3750
v  -41732.3828 45504.4453 -73319.5625
v  -41727.5859 45406.3164 -73300.9375
v  -40933.6953 45546.8789 -73302.0078
v  -41943.5078 46747.1758 -66720.1875
v  -41344.5000 46779.0000 -66707.0156
v  -41938.7109 46649.0430 -66701.5469
v  -41140.0156 46691.4766 -66683.9844
v  -41144.8203 46789.6094 -66702.6250
v  -41031.1875 50273.2031 -46356.9141
v  -41158.2344 51765.2617 -46444.2305
v  -28697.0527 51765.2617 -64575.1758
v  -28570.0059 50273.2031 -64487.8633
v  -40211.4141 50375.9727 -45793.4922
v  -40338.4609 51868.0313 -45880.8125
v  -27750.2324 50375.9727 -63924.4414
v  -27877.2793 51868.0313 -64011.7617
v  -28207.5996 54552.8438 -51105.7461
v  -27691.7090 51775.2617 -64102.4023
v  -27492.5723 51793.4375 -64098.3867
v  -28008.4707 54571.0156 -51101.7305
v  -28216.0645 54650.2148 -51126.8945
v  -27700.1660 51872.6328 -64123.5508
v  -26895.1699 51847.9609 -64086.3281
v  -26903.6230 51945.3320 -64107.4648
v  -27382.5840 50527.6016 -63823.4805
v  -27898.4863 53305.1836 -50826.8320
v  -27610.2012 54607.3672 -51093.6875
v  -27411.0645 54625.5430 -51089.6641
v  -27419.5215 54722.9141 -51110.8086
v  -26984.3184 50563.9531 -63815.4453
v  -27094.3027 51829.7852 -64090.3477
v  -26776.7246 50484.7539 -63790.2773
v  -27581.7207 50509.4297 -63827.5039
v  -27573.2598 50412.0547 -63806.3633
v  -26785.1855 50582.1289 -63811.4258
v  -28097.6191 53287.0078 -50830.8438
v  -27500.2129 53341.5313 -50818.7852
v  -28089.1582 53189.6367 -50809.6992
v  -27292.6230 53262.3359 -50793.6211
v  -27301.0801 53359.7070 -50814.7695
v  -27886.5840 53341.5313 -50256.6172
v  -39835.1797 50563.9531 -45117.5117
v  -39760.0703 50582.1289 -44933.0469
v  -27811.4746 53359.7070 -50072.1484
v  -28182.6426 54607.3672 -50260.7852
v  -40131.2344 51829.7852 -45121.6797
v  -28332.8730 54571.0156 -50629.7227
v  -28407.9863 54552.8438 -50814.1875
v  -28430.7637 54650.2148 -50814.5078
v  -28107.5293 54625.5430 -50076.3164
v  -28130.2988 54722.9141 -50076.6328
v  -28036.8184 53305.1836 -50625.5586
v  -27788.7012 53262.3359 -50071.8281
v  -28111.9316 53287.0078 -50810.0195
v  -39737.2969 50484.7539 -44932.7227
v  -40281.4688 51793.4375 -45490.6172
v  -39985.4063 50527.6016 -45486.4453
v  -40379.3594 51872.6328 -45675.4023
v  -40356.5859 51775.2617 -45675.0820
v  -40056.1250 51847.9609 -44937.2148
v  -40078.8906 51945.3320 -44937.5273
v  -40060.5234 50509.4297 -45670.9141
v  -40037.7500 50412.0547 -45670.5977
v  -34403.1797 53136.7148 -41801.5703
v  -34540.9531 54627.3711 -41896.2578
v  -22079.7715 54627.3711 -60027.2070
v  -21941.9980 53136.7148 -59932.5195
v  -33584.1797 53248.1641 -41238.6797
v  -33721.9531 54738.8164 -41333.3711
v  -21122.9980 53248.1641 -59369.6250
v  -21260.7715 54738.8164 -59464.3164
v  -21610.6230 57484.9414 -46571.7227
v  -21074.5371 54646.9375 -59554.5039
v  -20875.5410 54666.5625 -59550.5820
v  -21411.6270 57504.5703 -46567.8008
v  -21619.7832 57582.1445 -46593.3516
v  -21083.6934 54744.1406 -59576.1289
v  -20278.5410 54725.4414 -59538.8008
v  -20287.7012 54822.6445 -59560.4258
v  -20756.4551 53402.9297 -59269.4258
v  -21292.5449 56240.9297 -46286.6445
v  -21013.6309 57543.8203 -46559.9453
v  -20814.6309 57563.4453 -46556.0195
v  -20823.7949 57660.6484 -46577.6445
v  -20358.4590 53442.1797 -59261.5742
v  -20477.5371 54705.8164 -59542.7227
v  -20955.4590 53383.3008 -59273.3516
v  -20150.3066 53364.6055 -59236.0195
v  -20946.2949 53286.1016 -59251.7305
v  -20159.4668 53461.8047 -59257.6484
v  -21491.5488 56221.3047 -46290.5742
v  -20894.5488 56280.1836 -46278.7930
v  -21482.3887 56124.1016 -46268.9453
v  -20686.3887 56202.6094 -46253.2383
v  -20695.5488 56299.8086 -46274.8633
v  -21280.9199 56280.1836 -45716.6211
v  -33209.3203 53442.1797 -40563.6406
v  -33134.3516 53461.8047 -40379.2656
v  -21205.9434 56299.8086 -45532.2461
v  -21586.0723 57543.8203 -45727.0430
v  -33514.4688 54705.8164 -40574.0547
v  -21736.0293 57504.5703 -46095.7930
v  -21811.0098 57484.9414 -46280.1641
v  -21834.4824 57582.1445 -46280.9648
v  -21511.0957 57563.4453 -45542.6680
v  -21534.5723 57660.6484 -45543.4688
v  -21430.8770 56240.9297 -46085.3711
v  -21182.4707 56202.6094 -45531.4492
v  -21505.8613 56221.3047 -46269.7461
v  -33110.8750 53364.6055 -40378.4688
v  -33664.4375 54666.5625 -40942.8086
v  -33359.2813 53402.9297 -40932.3906
v  -33762.8828 54744.1406 -41127.9805
v  -33739.4141 54646.9375 -41127.1836
v  -33439.5000 54725.4414 -40389.6836
v  -33462.9688 54822.6445 -40390.4844
v  -33434.2656 53383.3008 -41116.7617
v  -33410.7891 53286.1016 -41115.9648
v  -27555.7285 56122.7539 -37095.3984
v  -27734.1582 57607.0469 -37218.0313
v  -15272.9766 57607.0469 -55348.9766
v  -15094.5469 56122.7539 -55226.3438
v  -26740.2246 56267.0898 -36534.9141
v  -26918.6543 57751.3828 -36657.5469
v  -14279.0430 56267.0898 -54665.8555
v  -14457.4727 57751.3828 -54788.4883
v  -14885.5391 60728.5508 -41949.6523
v  -14268.7695 57662.9492 -54876.9844
v  -14070.3848 57688.0742 -54873.4805
v  -14687.1504 60753.6758 -41946.1445
v  -14897.3457 60825.0430 -41973.0977
v  -14280.5762 57759.4414 -54900.4336
v  -13475.2207 57763.4531 -54862.9570
v  -13487.0313 57859.9453 -54886.4023
v  -13916.8887 56433.6680 -54568.6758
v  -14533.6582 59499.2695 -41641.3438
v  -14290.3770 60803.9297 -41939.1328
v  -14091.9922 60829.0547 -41935.6289
v  -14103.7988 60925.5469 -41959.0742
v  -13520.1191 56483.9219 -54561.6641
v  -13673.6074 57738.3281 -54866.4648
v  -13309.9238 56412.5547 -54534.7070
v  -14115.2793 56408.5391 -54572.1836
v  -14103.4746 56312.0469 -54548.7383
v  -13321.7344 56509.0469 -54558.1602
v  -14732.0469 59474.1406 -41644.8477
v  -14136.8848 59549.5234 -41634.3320
v  -14720.2441 59377.6484 -41621.4063
v  -13926.6914 59478.1563 -41607.3789
v  -13938.5000 59574.6484 -41630.8242
v  -14523.2559 59549.5234 -41072.1602
v  -26370.9824 56483.9219 -35863.7305
v  -26296.6191 56509.0469 -35679.7773
v  -14448.8926 59574.6484 -40888.2070
v  -14862.8203 60803.9297 -41106.2305
v  -26710.5410 57738.3281 -35897.7969
v  -15011.5547 60753.6758 -41474.1367
v  -15085.9238 60728.5508 -41658.0938
v  -15112.0449 60825.0430 -41660.7148
v  -14788.4551 60829.0547 -40922.2773
v  -14814.5762 60925.5469 -40924.8984
v  -14671.9902 59499.2695 -41440.0703
v  -14422.7715 59478.1563 -40885.5859
v  -14746.3613 59474.1406 -41624.0234
v  -26270.4941 56412.5547 -35677.1563
v  -26859.2793 57688.0742 -36265.7070
v  -26519.7129 56433.6680 -36231.6367
v  -26959.7676 57759.4414 -36452.2813
v  -26933.6465 57662.9492 -36449.6641
v  -26636.1777 57763.4531 -35713.8438
v  -26662.2988 57859.9453 -35716.4648
v  -26594.0840 56408.5391 -36415.5938
v  -26567.9668 56312.0469 -36412.9727
v  -21012.3379 59345.6016 -32598.2031
v  -21130.7949 60838.6953 -32679.6191
v  -8669.6133 60838.6953 -50810.5664
v  -8551.1563 59345.6016 -50729.1484
v  -20191.9941 59441.4219 -32034.3926
v  -20310.4551 60934.5234 -32115.8086
v  -7730.8125 59441.4219 -50165.3398
v  -7849.2734 60934.5234 -50246.7539
v  -8164.2910 63570.1328 -37330.2188
v  -7664.2344 60841.0469 -50337.7695
v  -7465.0020 60858.0586 -50333.6797
v  -7965.0527 63587.1484 -37326.1328
v  -8172.1895 63667.6367 -37350.9805
v  -7672.1348 60938.5469 -50358.5273
v  -6867.2910 60909.0938 -50321.4102
v  -6875.1914 61006.5977 -50342.1680
v  -7362.3027 59590.5352 -50063.7852
v  -7862.3555 62319.6250 -37056.2383
v  -7566.5820 63621.1719 -37317.9492
v  -7367.3496 63638.1875 -37313.8633
v  -7375.2441 63735.6875 -37334.6211
v  -6963.8301 59624.5625 -50055.6055
v  -7066.5293 60892.0859 -50325.4961
v  -6764.5938 59641.5742 -50051.5156
v  -6756.6973 59544.0703 -50030.7539
v  -7561.5410 59573.5234 -50067.8711
v  -7553.6387 59476.0195 -50047.1133
v  -8061.5918 62302.6094 -37060.3281
v  -7463.8867 62353.6484 -37048.0586
v  -8053.6934 62205.1094 -37039.5664
v  -7256.7500 62273.1641 -37023.2070
v  -7264.6504 62370.6641 -37043.9688
v  -7850.2598 62353.6484 -36485.8906
v  -19814.6934 59624.5625 -31357.6738
v  -19739.4785 59641.5742 -31173.1348
v  -7775.0410 62370.6641 -36301.3516
v  -8139.0254 63621.1719 -36485.0469
v  -20103.4629 60892.0859 -31356.8301
v  -8289.4590 63587.1484 -36854.1250
v  -8364.6758 63570.1328 -37038.6602
v  -8386.8887 63667.6367 -37038.5938
v  -8063.8125 63638.1875 -36300.5117
v  -8086.0215 63735.6875 -36300.4453
v  -8000.6895 62319.6250 -36854.9648
v  -8075.9043 62302.6094 -37039.5000
v  -7752.8301 62273.1641 -36301.4141
v  -19717.2676 59544.0703 -31173.2012
v  -20253.8965 60858.0586 -31725.9063
v  -19965.1270 59590.5352 -31726.7480
v  -20351.3262 60938.5469 -31910.3789
v  -20329.1113 60841.0469 -31910.4453
v  -20028.2480 60909.0938 -31172.2930
v  -20050.4590 61006.5977 -31172.2285
v  -20040.3457 59573.5234 -31911.2852
v  -20018.1309 59476.0195 -31911.3496
v  -14336.8613 62189.6211 -28010.2305
v  -14442.4277 63684.1406 -28082.7871
v  -1981.2480 63684.1406 -46213.7305
v  -1875.6816 62189.6211 -46141.1758
v  -13515.7383 62275.0156 -27445.8828
v  -13621.3027 63769.5391 -27518.4375
v  -1054.5586 62275.0156 -45576.8281
v  -1160.1230 63769.5391 -45649.3828
v  -1452.7168 66331.1094 -32717.4375
v  -975.8984 63675.0078 -45740.9531
v  -776.5225 63690.2773 -45736.7695
v  -1253.3389 66346.3828 -32713.2500
v  -1459.7705 66428.7969 -32737.6172
v  -982.9541 63772.6953 -45761.1367
v  -178.3994 63736.0820 -45724.2148
v  -185.4570 63833.7695 -45744.3945
v  -684.7754 62420.3359 -45474.4023
v  -1161.5918 65076.4414 -32450.8828
v  -854.5918 66376.9219 -32704.8789
v  -655.2168 66392.1875 -32700.6934
v  -662.2695 66489.8750 -32720.8750
v  -286.0254 62450.8750 -45466.0352
v  -377.7725 63720.8125 -45728.3984
v  -86.6504 62466.1406 -45461.8477
v  -79.5957 62368.4531 -45441.6641
v  -884.1514 62405.0703 -45478.5859
v  -877.0947 62307.3828 -45458.4102
v  -1360.9668 65061.1719 -32455.0684
v  -762.8418 65106.9766 -32442.5117
v  -1353.9111 64963.4844 -32434.8867
v  -556.4102 65024.5586 -32418.1445
v  -563.4688 65122.2422 -32438.3281
v  -1149.2139 65106.9766 -31880.3438
v  -13136.8887 62450.8750 -26768.0996
v  -13061.5332 62466.1406 -26583.4648
v  -1073.8604 65122.2422 -31695.7109
v  -1427.0352 66376.9219 -31871.9766
v  -13414.7090 63720.8125 -26759.7305
v  -1577.7441 66346.3828 -32241.2422
v  -1653.1016 66331.1094 -32425.8770
v  -1674.4688 66428.7969 -32425.2305
v  -1351.6797 66392.1875 -31687.3438
v  -1373.0469 66489.8750 -31686.6992
v  -1299.9248 65076.4414 -32249.6094
v  -1052.4893 65024.5586 -31696.3535
v  -1375.2803 65061.1719 -32434.2422
v  -13040.1641 62368.4531 -26584.1113
v  -13565.4199 63690.2773 -27128.9980
v  -13287.5996 62420.3359 -27137.3652
v  -13662.1445 63772.6953 -27312.9883
v  -13640.7754 63675.0078 -27313.6309
v  -13339.3555 63736.0820 -26575.0977
v  -13360.7246 63833.7695 -26574.4531
v  -13362.9551 62405.0703 -27321.9980
v  -13341.5859 62307.3828 -27322.6426
v  -7676.9102 64903.6328 -23432.9277
v  -7640.2109 66402.9688 -23407.7031
v  4820.9688 66402.9688 -41538.6484
v  4784.2695 64903.6328 -41563.8750
v  -6853.1387 64873.9414 -22866.7598
v  -6816.4395 66373.2813 -22841.5352
v  5608.0410 64873.9414 -40997.7070
v  5644.7402 66373.2813 -40972.4844
v  5556.1030 68103.7188 -27900.3594
v  5819.4648 66267.8906 -41070.5820
v  6019.3779 66263.8984 -41066.0313
v  5756.0137 68099.7266 -27895.8066
v  5558.3936 68202.7344 -27914.1172
v  5821.7568 66366.9141 -41084.3398
v  6621.4004 66350.9531 -41066.1211
v  6619.1104 66251.9297 -41052.3672
v  5989.6074 64976.6016 -40887.1797
v  5726.2422 66812.4297 -27716.9590
v  6155.8354 68091.7422 -27886.6992
v  6355.7466 68087.7500 -27882.1445
v  6358.0366 68186.7734 -27895.9023
v  6589.3379 64964.6328 -40873.5195
v  6587.0469 64865.6094 -40859.7578
v  5787.4053 64881.5703 -40877.9766
v  5789.6963 64980.5938 -40891.7344
v  6389.4277 64968.6250 -40878.0742
v  6419.2021 66255.9219 -41056.9219
v  5526.3315 66816.4219 -27721.5117
v  6126.0640 66804.4531 -27707.8496
v  5524.0410 66717.3984 -27707.7539
v  6325.9751 66800.4531 -27703.2969
v  6323.6865 66701.4375 -27689.5391
v  5739.6924 66804.4531 -27145.6797
v  -6461.4355 64968.6250 -22180.1406
v  -6385.5449 64964.6328 -21995.1387
v  5815.5830 66800.4531 -26960.6797
v  5583.3921 68091.7422 -27053.7969
v  -6617.7344 66255.9219 -22088.2539
v  5827.6074 66701.4375 -26967.7461
v  5512.0186 66816.4219 -27700.6836
v  5587.9092 66812.4297 -27515.6855
v  5431.6084 68099.7266 -27423.7988
v  5647.2593 68186.7734 -26861.7266
v  5659.2832 68087.7500 -26868.7930
v  5355.7178 68103.7188 -27608.8008
v  5343.6948 68202.7344 -27601.7305
v  -6373.5215 64865.6094 -22002.2070
v  -6541.8457 66251.9297 -21903.2520
v  -6553.8672 66350.9531 -21896.1836
v  -6769.5195 66263.8984 -22458.2578
v  -6845.4121 66267.8906 -22643.2598
v  -6857.4336 66366.9141 -22636.1914
v  -6613.2168 64976.6016 -22550.1406
v  -6677.0859 64881.5703 -22742.2129
v  -6689.1074 64980.5938 -22735.1445
v  -893.2705 66640.2109 -18770.6133
v  -751.1582 68130.2656 -18672.9414
v  11710.0225 68130.2656 -36803.8867
v  11567.9102 66640.2109 -36901.5586
v  -74.5986 66525.2500 -18207.9492
v  67.5117 68015.3125 -18110.2793
v  12386.5820 66525.2500 -36338.8945
v  12528.6924 68015.3125 -36241.2266
v  12539.7871 69113.2188 -23100.5586
v  12695.7334 67902.7500 -36344.6055
v  12894.8604 67884.4844 -36340.5938
v  12738.9141 69094.9531 -23096.5430
v  12549.0664 69212.3906 -23109.5117
v  12705.0127 68001.9141 -36353.5625
v  13501.5146 67928.8438 -36337.5039
v  13492.2373 67829.6719 -36328.5508
v  12774.2373 66595.3359 -36224.1875
v  12618.2930 67805.8125 -22980.1367
v  13137.1660 69058.4219 -23088.5156
v  13336.2920 69040.1484 -23084.5000
v  13345.5713 69139.3125 -23093.4531
v  13371.6152 66540.5313 -36212.1406
v  13362.3350 66441.3594 -36203.1875
v  12565.8330 66514.4375 -36219.2461
v  13172.4893 66558.7969 -36216.1563
v  12575.1113 66613.6016 -36228.1992
v  13293.1123 67847.9453 -36332.5625
v  12419.1660 67824.0781 -22984.1484
v  13016.5439 67769.2734 -22972.1055
v  13215.6709 67751.0000 -22968.0938
v  12409.8877 67724.9141 -22975.1953
v  13206.3926 67651.8359 -22959.1387
v  12630.1719 67769.2734 -22409.9375
v  321.6250 66558.7969 -17518.2227
v  396.7314 66540.5313 -17333.7617
v  12705.2793 67751.0000 -22225.4746
v  12564.7227 69058.4219 -22255.6133
v  256.1758 67847.9453 -17363.8965
v  12710.3125 67651.8359 -22237.3457
v  12479.9590 67805.8125 -22778.8633
v  12404.8535 67824.0781 -22963.3223
v  12414.5098 69094.9531 -22624.5352
v  12634.7939 69139.3125 -22059.2773
v  12639.8281 69040.1484 -22071.1484
v  12339.4023 69113.2188 -22808.9980
v  12334.3682 69212.3906 -22797.1270
v  401.7666 66441.3594 -17345.6328
v  331.2813 67829.6719 -17179.4355
v  326.2471 67928.8438 -17167.5625
v  105.9629 67884.4844 -17732.8203
v  30.8564 67902.7500 -17917.2852
v  25.8223 68001.9141 -17905.4121
v  171.4121 66595.3359 -17887.1484
v  96.3066 66613.6016 -18071.6094
v  101.3418 66514.4375 -18083.4805
v  6093.7910 67629.7734 -13968.4902
v  6344.5029 69098.6016 -13796.1777
v  18805.6836 69098.6016 -31927.1250
v  18554.9727 67629.7734 -32099.4355
v  6900.7988 67426.9688 -13413.8428
v  7151.5107 68895.7969 -13241.5313
v  19361.9805 67426.9688 -31544.7891
v  19612.6914 68895.7969 -31372.4785
v  19679.9063 69326.9219 -18193.2402
v  19771.2266 68776.6484 -31481.7051
v  19968.4727 68743.6641 -31478.9863
v  19877.1523 69293.9375 -18190.5195
v  19696.4414 69425.4609 -18197.2070
v  19787.7637 68875.1953 -31485.6719
v  20576.7402 68743.2500 -31474.7852
v  20560.2070 68644.7031 -31470.8203
v  19753.5156 67462.5938 -31427.4141
v  19662.1953 68012.8672 -18138.9453
v  20271.6406 69227.9609 -18185.0762
v  20468.8867 69194.9766 -18182.3535
v  20485.4219 69293.5156 -18186.3203
v  19539.7363 67397.0391 -31426.1680
v  19556.2695 67495.5781 -31430.1328
v  20148.0059 67396.6250 -31421.9688
v  20345.2500 67363.6406 -31419.2461
v  20328.7129 67265.0938 -31415.2793
v  20362.9629 68677.6875 -31473.5430
v  19464.9492 68045.8516 -18141.6680
v  20056.6836 67946.8906 -18133.5039
v  19448.4141 67947.3047 -18137.6992
v  20237.3945 67815.3594 -18126.8145
v  20253.9297 67913.9063 -18130.7813
v  19670.3125 67946.8906 -17571.3340
v  7297.1421 67396.6250 -12724.0352
v  7370.3667 67363.6406 -12540.8672
v  19743.5391 67913.9063 -17388.1641
v  19699.1973 69227.9609 -17352.1738
v  7326.0264 68677.6875 -12504.8740
v  19450.6367 68045.8516 -18120.8398
v  19523.8633 68012.8672 -17937.6719
v  19741.3164 67815.3594 -17405.0234
v  19552.7461 69293.9375 -17718.5117
v  19774.6445 69293.5156 -17152.1445
v  19481.7422 69425.4609 -17884.8203
v  19479.5215 69326.9219 -17901.6797
v  19772.4219 69194.9766 -17169.0039
v  7368.1445 67265.0938 -12557.7256
v  7399.2510 68644.7031 -12321.7051
v  7401.4731 68743.2500 -12304.8467
v  7179.5762 68743.6641 -12871.2129
v  7150.6919 67462.5938 -13090.3740
v  7075.2441 67397.0391 -13290.4023
v  7077.4663 67495.5781 -13273.5430
v  7108.5728 68875.1953 -13037.5234
v  7106.3506 68776.6484 -13054.3818
v  -54538.5078 45116.2617 -55640.3359
v  -54538.5078 47043.9102 -55640.3359
v  -42077.3281 47043.9102 -73771.2813
v  -42077.3281 45116.2617 -73771.2813
v  -53714.3750 45116.2617 -55073.9180
v  -53714.3750 47043.9102 -55073.9180
v  -41253.1953 45116.2617 -73204.8594
v  -41253.1953 47043.9102 -73204.8594
v  -35203.9141 47709.7109 -69398.2969
v  -47357.5000 45659.6797 -64400.0820
v  -47281.5703 45660.6563 -64215.0547
v  -35127.9922 47710.6914 -69213.2656
v  -47267.1250 45561.8555 -64220.4609
v  -35113.5391 47611.8867 -69218.6719
v  -35417.2656 47607.9727 -69958.7813
v  -35431.7031 47706.7773 -69953.3828
v  -35391.6875 48994.1602 -69328.0469
v  -47545.2656 46944.1289 -64329.8242
v  -47585.2813 45656.7422 -64955.1602
v  -47570.8438 45557.9375 -64960.5664
v  -47509.3516 45657.7227 -64770.1328
v  -35543.5391 48992.2031 -69698.0938
v  -35619.4688 48991.2227 -69883.1250
v  -35633.9141 49090.0273 -69877.7188
v  -35315.7578 48995.1406 -69143.0156
v  -35330.2031 49093.9414 -69137.6094
v  -35355.7734 47707.7539 -69768.3594
v  -47469.3438 46945.1055 -64144.7930
v  -47697.1250 46942.1719 -64699.8750
v  -47787.5000 47039.9961 -64879.5000
v  -47773.0547 46941.1914 -64884.9102
v  -47483.7891 47043.9102 -64139.3906
v  -48594.3516 48991.2227 -51004.7422
v  -48283.4531 46941.1914 -64142.2891
v  -48083.4922 46942.1719 -64137.7070
v  -48394.4063 48992.2031 -51000.1641
v  -48081.7969 45657.7227 -63937.2305
v  -48392.7109 47707.7539 -50799.6875
v  -48283.5781 47039.9961 -64157.7070
v  -47683.6016 46944.1289 -64128.5508
v  -47483.6563 46945.1055 -64123.9648
v  -47681.9063 45659.6797 -63928.0742
v  -47481.8203 45561.8555 -63908.0742
v  -48281.7422 45656.7422 -63941.8086
v  -48281.6172 45557.9375 -63926.3906
v  -47481.9531 45660.6563 -63923.4961
v  -48594.4844 49090.0273 -51020.1602
v  -48592.6563 47706.7773 -50804.2695
v  -48592.5313 47607.9727 -50788.8477
v  -47792.7344 47611.8867 -50770.5273
v  -47992.8125 47709.7109 -50790.5313
v  -47792.8672 47710.6914 -50785.9492
v  -47994.5078 48994.1602 -50991.0078
v  -47794.5625 48995.1406 -50986.4258
v  -47794.6953 49093.9414 -51001.8516
v  -54538.5078 47094.1172 -55640.3359
v  -52612.6953 45116.2617 -58442.3906
v  -52612.6953 47094.1172 -58442.3906
v  -59124.6953 45532.3906 -60005.7930
v  -59691.1094 45532.3906 -59181.6563
v  -54217.6172 46846.3672 -57858.3320
v  -53175.3516 47034.4570 -58045.4180
v  -59691.1094 43482.9102 -59181.6563
v  -59124.6953 43482.9102 -60005.7930
v  -54217.6172 44857.1484 -57858.3320
v  -53175.3516 45053.8633 -58045.4180
v  -62696.9297 44716.0859 -61247.5195
v  -62696.9297 42712.8047 -61247.5195
v  -62413.7266 44716.0859 -61659.5859
v  -61728.3984 44825.2930 -61795.2852
v  -62413.7266 42712.8047 -61659.5859
v  -61728.3984 42815.8281 -61795.2852
v  -44003.1484 47043.9102 -70969.2266
v  -44003.1484 45066.0508 -70969.2266
v  -42077.3281 45066.0508 -73771.2813
v  -47229.9297 45482.1797 -77312.6094
v  -47796.3516 45482.1797 -76488.4688
v  -44033.0156 46796.1563 -72676.8594
v  -43834.1719 46984.2461 -71636.7813
v  -43834.1719 45003.6523 -71636.7813
v  -47796.3516 43432.6992 -76488.4688
v  -47229.9297 43432.6992 -77312.6094
v  -44033.0156 44806.9375 -72676.8594
v  -50235.7500 42662.5938 -79378.4688
v  -50235.7500 44665.8789 -79378.4688
v  -50518.9609 44665.8789 -78966.4063
v  -50400.0547 44775.0820 -78277.9531
v  -50518.9609 42662.5938 -78966.4063
v  -50400.0547 42765.6172 -78277.9531
v  -50527.3438 45316.2617 -61476.5586
v  -50527.3438 46574.3242 -61476.5586
v  -46109.2891 46574.3242 -67904.8047
v  -46109.2891 45316.2617 -67904.8047
v  -50692.1641 45316.2617 -61589.8398
v  -50692.1641 46574.3242 -61589.8398
v  -46274.1094 46574.3242 -68018.0859
v  -46274.1094 45316.2617 -68018.0859
# 640 vertices

vn 0.0480 -0.9813 0.1863
vn -0.9984 -0.0530 -0.0220
vn 0.0314 -0.1850 -0.9822
vn -0.0314 0.1850 0.9822
vn -0.0480 0.9813 -0.1863
vn 0.9984 0.0530 0.0220
vn -0.1912 0.9813 0.0219
vn 0.3783 0.0530 0.9242
vn 0.9057 0.1850 -0.3813
vn -0.9057 -0.1850 0.3813
vn 0.1912 -0.9813 -0.0219
vn -0.3783 -0.0530 -0.9242
vn -0.8228 -0.0575 -0.5655
vn -0.5664 0.0000 0.8241
vn 0.0474 -0.9983 0.0326
vn 0.5664 0.0000 -0.8241
vn -0.0474 0.9983 -0.0326
vn 0.8228 0.0575 0.5655
vn -0.8198 -0.1028 -0.5634
vn 0.0847 -0.9947 0.0582
vn -0.0847 0.9947 -0.0582
vn 0.8198 0.1028 0.5634
vn 0.0846 -0.9737 0.2115
vn -0.9957 -0.0909 -0.0201
vn 0.0388 -0.2088 -0.9772
vn -0.0388 0.2088 0.9772
vn -0.0846 0.9737 -0.2115
vn 0.9957 0.0909 0.0201
vn -0.2277 0.9737 -0.0032
vn 0.3756 0.0909 0.9223
vn 0.8984 0.2088 -0.3864
vn -0.8984 -0.2088 0.3864
vn 0.2277 -0.9737 0.0032
vn -0.3756 -0.0909 -0.9223
vn -0.8190 -0.1114 -0.5629
vn 0.0918 -0.9938 0.0631
vn -0.0918 0.9938 -0.0631
vn 0.8190 0.1114 0.5629
vn 0.0916 -0.9720 0.2163
vn -0.9950 -0.0981 -0.0196
vn 0.0403 -0.2134 -0.9761
vn -0.0403 0.2134 0.9761
vn -0.0916 0.9720 -0.2163
vn 0.9950 0.0981 0.0196
vn -0.2347 0.9720 -0.0080
vn 0.3749 0.0981 0.9219
vn 0.8969 0.2134 -0.3874
vn -0.8969 -0.2134 0.3874
vn 0.2347 -0.9720 0.0080
vn -0.3749 -0.0981 -0.9219
vn -0.8155 -0.1443 -0.5605
vn 0.1189 -0.9895 0.0818
vn -0.1189 0.9895 -0.0818
vn 0.8155 0.1443 0.5605
vn 0.1181 -0.9649 0.2345
vn -0.9919 -0.1256 -0.0175
vn 0.0464 -0.2305 -0.9720
vn -0.0464 0.2305 0.9720
vn -0.1181 0.9649 -0.2345
vn 0.9919 0.1256 0.0175
vn -0.2612 0.9649 -0.0262
vn 0.3718 0.1256 0.9198
vn 0.8908 0.2305 -0.3916
vn -0.8908 -0.2305 0.3916
vn 0.2612 -0.9649 0.0262
vn -0.3718 -0.1256 -0.9198
vn -0.8203 -0.0958 -0.5638
vn 0.0790 -0.9954 0.0543
vn -0.0790 0.9954 -0.0543
vn 0.8203 0.0958 0.5638
vn 0.0790 -0.9750 0.2076
vn -0.9962 -0.0851 -0.0204
vn 0.0376 -0.2052 -0.9780
vn -0.0376 0.2052 0.9780
vn -0.0790 0.9750 -0.2076
vn 0.9962 0.0851 0.0204
vn -0.2221 0.9750 0.0006
vn 0.3761 0.0851 0.9227
vn 0.8996 0.2052 -0.3856
vn -0.8996 -0.2052 0.3856
vn 0.2221 -0.9750 -0.0006
vn -0.3761 -0.0851 -0.9227
vn -0.8211 -0.0854 -0.5643
vn 0.0704 -0.9963 0.0484
vn -0.0704 0.9963 -0.0484
vn 0.8211 0.0854 0.5643
vn 0.0706 -0.9769 0.2018
vn -0.9969 -0.0763 -0.0209
vn 0.0359 -0.1997 -0.9792
vn -0.0359 0.1997 0.9792
vn -0.0706 0.9769 -0.2018
vn 0.9969 0.0763 0.0209
vn -0.2137 0.9769 0.0064
vn 0.3768 0.0763 0.9232
vn 0.9013 0.1997 -0.3844
vn -0.9013 -0.1997 0.3844
vn 0.2137 -0.9769 -0.0064
vn -0.3768 -0.0763 -0.9232
vn -0.8238 0.0297 -0.5662
vn -0.0245 -0.9996 -0.0168
vn 0.0245 0.9996 0.0168
vn 0.8238 -0.0297 0.5662
vn -0.0229 -0.9902 0.1376
vn -0.9995 0.0200 -0.0228
vn 0.0198 -0.1380 -0.9902
vn -0.0198 0.1380 0.9902
vn 0.0229 0.9902 -0.1376
vn 0.9995 -0.0200 0.0228
vn -0.1202 0.9902 0.0707
vn 0.3795 -0.0200 0.9250
vn 0.9174 0.1380 -0.3733
vn -0.9174 -0.1380 0.3733
vn 0.1202 -0.9902 -0.0707
vn -0.3795 0.0200 -0.9250
vn -0.8187 0.1150 -0.5627
vn -0.0947 -0.9934 -0.0651
vn 0.0947 0.9934 0.0651
vn 0.8187 -0.1150 0.5627
vn -0.0928 -0.9917 0.0895
vn -0.9956 0.0913 -0.0201
vn 0.0117 -0.0910 -0.9958
vn -0.0117 0.0910 0.9958
vn 0.0928 0.9917 -0.0895
vn 0.9956 -0.0913 0.0201
vn -0.0503 0.9917 0.1187
vn 0.3755 -0.0913 0.9223
vn 0.9254 0.0910 -0.3678
vn -0.9254 -0.0910 0.3678
vn 0.0503 -0.9917 -0.1187
vn -0.3755 0.0913 -0.9223
vn -0.8070 0.2028 -0.5546
vn -0.1671 -0.9792 -0.1149
vn 0.1671 0.9792 0.1149
vn 0.8070 -0.2028 0.5546
vn -0.1653 -0.9854 0.0397
vn -0.9862 0.1649 -0.0136
vn 0.0069 -0.0414 -0.9991
vn -0.0069 0.0414 0.9991
vn 0.1653 0.9854 -0.0397
vn 0.9862 -0.1649 0.0136
vn 0.0222 0.9854 0.1686
vn 0.3661 -0.1649 0.9158
vn 0.9303 0.0414 -0.3645
vn -0.9303 -0.0414 0.3645
vn -0.0222 -0.9854 -0.1686
vn -0.3661 0.1649 -0.9158
vn -0.8241 0.0000 -0.5664
vn 0.0000 -1.0000 -0.0000
vn 0.0000 1.0000 -0.0000
vn 0.8241 0.0000 0.5664
vn -0.1444 0.9880 0.0540
vn 0.3796 0.0049 0.9251
vn 0.9138 0.1541 -0.3758
vn -0.9138 -0.1541 0.3758
vn 0.1444 -0.9880 -0.0540
vn -0.3796 -0.0049 -0.9251
vn 0.0013 -0.9880 0.1542
vn -0.9997 -0.0049 -0.0229
vn 0.0234 -0.1541 -0.9878
vn -0.0234 0.1541 0.9878
vn -0.0013 0.9880 -0.1542
vn 0.9997 0.0049 0.0229
vn -0.1997 0.9702 -0.1373
vn 0.2083 -0.9675 0.1432
vn -0.5765 -0.0000 -0.8171
vn -0.1767 -0.0000 -0.9843
vn 0.4009 0.0000 -0.9161
vn -0.1800 0.9759 -0.1237
vn 0.1703 -0.9784 0.1170
vn -0.1942 -0.0000 -0.9810
vn -0.9694 0.0000 -0.2454
vn -0.9822 0.0000 0.1878
vn -0.7116 0.0000 0.7026
vn -0.9854 0.0000 0.1702
# 174 vertex normals

vt 0.1179 -6.9157 0.0000
vt 0.0440 -0.0196 0.0000
vt 0.0090 -0.0229 0.0000
vt 0.0829 -6.9190 0.0000
vt -0.0669 1.1162 0.0000
vt -2.3694 0.0527 0.0000
vt -2.3667 0.0014 0.0000
vt -0.0642 1.0649 0.0000
vt -0.0068 1.1335 0.0000
vt -0.0419 1.1340 0.0000
vt -0.0420 1.0821 0.0000
vt 0.0983 1.1319 0.0000
vt 0.0982 1.0800 0.0000
vt -0.1020 1.7825 0.0000
vt -2.4045 0.7190 0.0000
vt 0.0420 1.0821 0.0000
vt 0.0419 1.1340 0.0000
vt -0.0633 1.1324 0.0000
vt -0.0983 1.1319 0.0000
vt -0.0982 1.0801 0.0000
vt 0.0644 1.8068 0.0000
vt -0.0057 1.8079 0.0000
vt 0.0633 1.1324 0.0000
vt 0.0995 1.8582 0.0000
vt -0.0407 1.8084 0.0000
vt -0.0406 1.8602 0.0000
vt 0.0994 1.8063 0.0000
vt 0.0961 -0.0327 0.0000
vt -0.0440 -0.0196 0.0000
vt -0.1179 -6.9157 0.0000
vt 0.0222 -6.9289 0.0000
vt -0.0090 -0.0229 0.0000
vt -0.0829 -6.9190 0.0000
vt 2.3694 0.0527 0.0000
vt 2.4045 0.7190 0.0000
vt 0.1020 1.7825 0.0000
vt 0.0669 1.1162 0.0000
vt 0.0129 -6.9256 0.0000
vt -0.0611 -0.0295 0.0000
vt -0.0961 -0.0328 0.0000
vt -0.0222 -6.9289 0.0000
vt 2.3667 0.0014 0.0000
vt 0.0642 1.0649 0.0000
vt 0.0407 1.8084 0.0000
vt 0.0406 1.8602 0.0000
vt -0.0995 1.8582 0.0000
vt 0.0057 1.8079 0.0000
vt -0.0994 1.8063 0.0000
vt -0.0644 1.8068 0.0000
vt 0.0068 1.1335 0.0000
vt 0.0611 -0.0295 0.0000
vt -0.0129 -6.9256 0.0000
vt -0.1047 1.8338 0.0000
vt -2.4072 0.7702 0.0000
vt 2.4072 0.7702 0.0000
vt 0.1047 1.8337 0.0000
vt -2.2778 0.1297 0.0000
vt 0.0526 0.1297 0.0000
vt 0.0526 0.0000 0.0000
vt -2.2778 0.0000 0.0000
vt 2.2778 0.0519 0.0000
vt -0.0526 0.0519 0.0000
vt -0.0526 0.7263 0.0000
vt 2.2778 0.7263 0.0000
vt 0.1314 0.0519 0.0000
vt 0.1752 0.0519 0.0000
vt 0.1752 0.0000 0.0000
vt 0.0438 0.0519 0.0000
vt -0.0000 0.0519 0.0000
vt 0.0000 0.0000 0.0000
vt 0.0438 0.7263 0.0000
vt 0.1314 0.7263 0.0000
vt -0.0000 0.7263 0.0000
vt -0.0000 0.7781 0.0000
vt 0.1752 0.7263 0.0000
vt 0.1752 0.7781 0.0000
vt -0.0526 0.7781 0.0000
vt 2.2778 0.7781 0.0000
vt -0.1314 0.0519 0.0000
vt -0.1314 0.7263 0.0000
vt -0.0438 0.7263 0.0000
vt -0.0438 0.0519 0.0000
vt -0.1752 0.0000 0.0000
vt -0.1752 0.0519 0.0000
vt -0.1752 0.7263 0.0000
vt -0.1752 0.7781 0.0000
vt -0.0526 -0.0000 0.0000
vt -0.0526 0.5188 0.0000
vt 2.2778 0.5188 0.0000
vt 2.2778 -0.0000 0.0000
vt -0.0526 0.1297 0.0000
vt 2.2778 0.1297 0.0000
vt 0.0526 0.7782 0.0000
vt 0.0526 0.7263 0.0000
vt -2.2778 0.7263 0.0000
vt -2.2778 0.7782 0.0000
vt -2.2778 0.5188 0.0000
vt 0.0526 0.5188 0.0000
vt 0.0526 0.3891 0.0000
vt -2.2778 0.3891 0.0000
vt 0.0526 0.0519 0.0000
vt -2.2778 0.0519 0.0000
vt -0.0526 0.3891 0.0000
vt 2.2778 0.3891 0.0000
vt 3.8547 0.7782 0.0000
vt 3.8547 -0.0000 0.0000
vt -0.1752 11.4129 0.0000
vt 0.0000 11.4129 0.0000
vt 0.1752 11.4129 0.0000
vt -3.8547 0.0000 0.0000
vt -3.8547 0.7782 0.0000
vt 0.0463 -3.5065 0.0000
vt 0.0813 -3.5032 0.0000
vt -1.2300 0.5789 0.0000
vt -1.2273 0.5277 0.0000
vt -1.2651 1.2453 0.0000
vt -0.0813 -3.5032 0.0000
vt 0.0588 -3.5164 0.0000
vt -0.0463 -3.5065 0.0000
vt 1.2300 0.5789 0.0000
vt 1.2651 1.2453 0.0000
vt -0.0588 -3.5164 0.0000
vt -0.0237 -3.5131 0.0000
vt 1.2273 0.5277 0.0000
vt 0.0237 -3.5131 0.0000
vt -1.2678 1.2965 0.0000
vt 1.2678 1.2965 0.0000
vt 2.7480 0.0000 0.0000
vt 2.7480 1.0000 0.0000
vt -1.1067 1.0000 0.0000
vt -1.1067 0.0000 0.0000
vt 2.9232 -0.0000 0.0000
vt 2.9232 1.0000 0.0000
vt -1.1067 -0.5188 0.0000
vt 2.7480 -0.5188 0.0000
vt -1.2819 0.0000 0.0000
vt -1.2819 1.0000 0.0000
vt 2.7480 1.5188 0.0000
vt -1.1067 1.5188 0.0000
vt 6.7779 -0.0000 0.0000
vt 6.7779 1.0000 0.0000
vt -0.0000 2.2729 0.0000
vt -0.0000 1.2468 0.0000
vt -0.5957 1.2468 0.0000
vt -0.5957 2.2729 0.0000
vt 0.1752 -2.7922 0.0000
vt -0.0000 -2.7922 0.0000
vt 0.0000 0.5508 0.0000
vt 0.3521 0.0205 0.0000
vt 0.4826 0.4231 0.0000
vt 0.5957 0.5508 0.0000
vt 0.0000 -3.0371 0.0000
vt -0.1752 -3.0371 0.0000
vt -0.3521 -0.2166 0.0000
vt 0.0000 0.3152 0.0000
vt -0.4826 0.1871 0.0000
vt -0.5957 0.3152 0.0000
vt 0.4381 1.2145 0.0000
vt 0.4381 2.2419 0.0000
vt 0.5587 2.2729 0.0000
vt 0.5587 1.2468 0.0000
vt 0.3095 1.2145 0.0000
vt 0.1240 1.1124 0.0000
vt 0.1240 2.1444 0.0000
vt 0.3095 2.2419 0.0000
vt 1.7345 1.0392 0.0000
vt 1.7345 -0.0000 0.0000
vt 1.0955 0.3995 0.0000
vt 1.0955 1.4627 0.0000
vt -0.1043 1.1124 0.0000
vt -1.0428 0.3995 0.0000
vt -1.0428 1.4627 0.0000
vt -0.1043 2.1444 0.0000
vt 0.0876 -4.7845 0.0000
vt 0.0000 -4.7845 0.0000
vt 0.0000 -2.8456 0.0000
vt 0.1752 -4.5251 0.0000
vt 0.1752 -2.8456 0.0000
vt 0.0000 -5.0247 0.0000
vt -0.0876 -5.0247 0.0000
vt -0.1752 -4.7660 0.0000
vt 0.0000 -3.0909 0.0000
vt -0.1752 -3.0909 0.0000
vt -1.0955 0.3995 0.0000
vt -1.6490 0.0534 0.0000
vt -1.6490 1.0959 0.0000
vt -1.0955 1.4627 0.0000
vt -0.0000 1.0392 0.0000
vt 0.0876 1.0392 0.0000
vt 0.0876 0.0000 0.0000
vt -1.1487 0.0000 0.0000
vt -1.1487 1.0392 0.0000
vt -1.0263 1.0959 0.0000
vt -1.0263 0.0534 0.0000
vt 1.0000 0.0000 0.0000
vt 1.0000 1.0000 0.0000
vt 0.0000 1.0000 0.0000
# 197 texture coords

g Component_002
usemtl wire_006134006
s off
f 1/1/1 2/2/1 3/3/1 4/4/1 
f 2/5/2 1/6/2 5/7/2 6/8/2 
f 3/9/3 2/10/3 6/11/3 7/12/3 
f 7/12/3 6/11/3 8/13/3 
f 9/14/2 10/15/2 4/6/2 3/5/2 
f 5/16/4 1/17/4 11/18/4 12/19/4 
f 5/16/4 12/19/4 13/20/4 
f 14/21/3 9/22/3 3/9/3 15/23/3 
f 9/22/3 14/21/3 16/24/3 17/25/3 
f 17/25/3 16/24/3 18/26/3 
f 16/24/3 14/21/3 19/27/3 
f 8/28/5 6/29/5 5/30/5 13/31/5 
f 9/32/5 17/29/5 20/30/5 10/33/5 
f 11/34/6 21/35/6 14/36/6 15/37/6 
f 11/38/1 15/39/1 7/40/1 12/41/1 
f 13/42/6 12/34/6 7/37/6 8/43/6 
f 20/44/4 22/45/4 23/46/4 10/47/4 
f 10/47/4 23/46/4 24/48/4 21/49/4 
f 4/50/4 10/47/4 21/49/4 11/18/4 
f 19/28/5 14/51/5 21/52/5 24/31/5 
f 18/53/2 22/54/2 20/15/2 17/14/2 
f 24/35/6 23/55/6 16/56/6 19/36/6 
f 22/1/1 18/2/1 16/40/1 23/41/1 
f 25/57/7 26/58/7 27/59/7 28/60/7 
f 29/61/8 30/62/8 26/63/8 25/64/8 
f 31/65/9 32/66/9 33/67/9 29/68/9 
f 34/69/9 29/68/9 33/67/9 35/70/9 
f 31/65/9 29/68/9 25/71/9 36/72/9 
f 36/72/9 25/71/9 28/73/9 37/74/9 
f 38/75/9 36/72/9 37/74/9 22/76/9 
f 28/64/8 27/63/8 39/77/8 37/78/8 
f 40/79/10 41/80/10 26/81/10 30/82/10 
f 40/79/10 30/82/10 42/83/10 43/84/10 
f 42/83/10 30/82/10 44/69/10 45/70/10 
f 39/74/10 26/81/10 41/80/10 46/85/10 
f 39/74/10 46/85/10 47/86/10 
f 26/81/10 39/74/10 27/73/10 
f 39/87/11 47/88/11 22/89/11 37/90/11 
f 44/87/11 30/91/11 29/92/11 34/90/11 
f 47/93/12 46/94/12 38/95/12 22/96/12 
f 38/97/7 46/98/7 41/99/7 36/100/7 
f 41/94/12 40/101/12 31/102/12 36/95/12 
f 40/103/11 43/88/11 32/89/11 31/104/11 
f 35/90/8 45/87/8 44/62/8 34/61/8 
f 33/97/7 42/98/7 45/59/7 35/60/7 
f 43/101/12 42/59/12 33/60/12 32/102/12 
f 48/70/13 49/74/13 50/105/13 51/106/13 
f 49/76/14 48/67/14 52/70/14 53/74/14 
f 48/83/15 51/107/15 54/108/15 52/70/15 
f 54/70/16 51/83/16 50/86/16 55/74/16 
f 50/109/17 49/67/17 53/70/17 55/108/17 
f 53/74/18 52/70/18 54/110/18 55/111/18 
f 56/3/7 57/112/7 58/113/7 59/2/7 
f 59/5/8 58/114/8 60/115/8 61/8/8 
f 61/11/9 62/13/9 63/12/9 56/9/9 
f 61/11/9 56/9/9 59/10/9 
f 64/14/8 65/116/8 57/114/8 56/5/8 
f 66/19/10 67/20/10 60/16/10 68/18/10 
f 68/18/10 60/16/10 58/17/10 
f 69/21/9 70/27/9 71/24/9 64/22/9 
f 72/25/9 64/22/9 71/24/9 73/26/9 
f 69/21/9 64/22/9 56/9/9 74/23/9 
f 60/117/11 67/118/11 62/28/11 61/29/11 
f 75/117/11 65/119/11 64/32/11 72/29/11 
f 68/120/12 76/121/12 69/36/12 74/37/12 
f 63/40/7 66/122/7 68/123/7 74/39/7 
f 67/124/12 66/120/12 63/37/12 62/43/12 
f 76/49/10 68/18/10 57/50/10 65/47/10 
f 76/49/10 65/47/10 77/46/10 78/48/10 
f 77/46/10 65/47/10 75/44/10 79/45/10 
f 76/125/11 78/118/11 70/28/11 69/51/11 
f 73/53/8 79/126/8 75/116/8 72/14/8 
f 78/121/12 77/127/12 71/56/12 70/36/12 
f 71/40/7 77/122/7 79/113/7 73/2/7 
f 80/113/1 81/2/1 82/3/1 83/112/1 
f 81/5/2 80/114/2 84/115/2 85/8/2 
f 82/9/3 81/10/3 85/11/3 86/12/3 
f 86/12/3 85/11/3 87/13/3 
f 88/14/2 89/116/2 83/114/2 82/5/2 
f 84/16/4 80/17/4 90/18/4 91/19/4 
f 84/16/4 91/19/4 92/20/4 
f 93/21/3 88/22/3 82/9/3 94/23/3 
f 88/22/3 93/21/3 95/24/3 96/25/3 
f 96/25/3 95/24/3 97/26/3 
f 95/24/3 93/21/3 98/27/3 
f 87/28/5 85/29/5 84/117/5 92/118/5 
f 88/32/5 96/29/5 99/117/5 89/119/5 
f 90/120/6 100/121/6 93/36/6 94/37/6 
f 90/123/1 94/39/1 86/40/1 91/122/1 
f 92/124/6 91/120/6 86/37/6 87/43/6 
f 99/44/4 101/45/4 102/46/4 100/49/4 
f 100/49/4 102/46/4 103/48/4 
f 89/47/4 99/44/4 100/49/4 83/50/4 
f 83/50/4 100/49/4 90/18/4 
f 98/28/5 93/51/5 100/125/5 103/118/5 
f 97/53/2 101/126/2 99/116/2 96/14/2 
f 103/121/6 102/127/6 95/56/6 98/36/6 
f 101/113/1 97/2/1 95/40/1 102/122/1 
f 104/70/19 105/74/19 106/105/19 107/106/19 
f 105/76/14 104/67/14 108/70/14 109/74/14 
f 104/83/20 107/107/20 110/108/20 108/70/20 
f 110/70/16 107/83/16 106/86/16 111/74/16 
f 106/109/21 105/67/21 109/70/21 111/108/21 
f 109/74/22 108/70/22 110/110/22 111/111/22 
f 112/1/23 113/2/23 114/3/23 115/4/23 
f 113/5/24 112/6/24 116/7/24 117/8/24 
f 114/9/25 113/10/25 117/11/25 118/12/25 
f 118/12/25 117/11/25 119/13/25 
f 120/14/24 121/15/24 115/6/24 114/5/24 
f 116/16/26 112/17/26 122/18/26 123/19/26 
f 116/16/26 123/19/26 124/20/26 
f 125/21/25 120/22/25 114/9/25 126/23/25 
f 120/22/25 125/21/25 127/24/25 128/25/25 
f 128/25/25 127/24/25 129/26/25 
f 127/24/25 125/21/25 130/27/25 
f 119/28/27 117/29/27 116/30/27 124/31/27 
f 120/32/27 128/29/27 131/30/27 121/33/27 
f 122/34/28 132/35/28 125/36/28 126/37/28 
f 122/38/23 126/39/23 118/40/23 123/41/23 
f 124/42/28 123/34/28 118/37/28 119/43/28 
f 131/44/26 133/45/26 134/46/26 121/47/26 
f 132/49/26 121/47/26 134/46/26 135/48/26 
f 115/50/26 121/47/26 132/49/26 122/18/26 
f 130/28/27 125/51/27 132/52/27 135/31/27 
f 129/53/24 133/54/24 131/15/24 128/14/24 
f 135/35/28 134/55/28 127/56/28 130/36/28 
f 133/1/23 129/2/23 127/40/23 134/41/23 
f 136/57/29 137/58/29 138/59/29 139/60/29 
f 140/61/30 141/62/30 137/63/30 136/64/30 
f 142/65/31 143/66/31 144/67/31 140/68/31 
f 145/69/31 140/68/31 144/67/31 146/70/31 
f 142/65/31 140/68/31 136/71/31 147/72/31 
f 147/72/31 136/71/31 148/74/31 149/75/31 
f 149/75/31 148/74/31 133/76/31 
f 148/74/31 136/71/31 139/73/31 
f 139/64/30 138/63/30 150/77/30 148/78/30 
f 151/79/32 152/80/32 137/81/32 141/82/32 
f 151/79/32 141/82/32 153/83/32 154/84/32 
f 153/83/32 141/82/32 155/69/32 156/70/32 
f 150/74/32 137/81/32 152/80/32 157/85/32 
f 150/74/32 157/85/32 158/86/32 
f 137/81/32 150/74/32 138/73/32 
f 150/87/33 158/88/33 133/89/33 148/90/33 
f 155/87/33 141/91/33 140/92/33 145/90/33 
f 158/93/34 157/94/34 149/95/34 133/96/34 
f 149/97/29 157/98/29 152/99/29 147/100/29 
f 152/94/34 151/101/34 142/102/34 147/95/34 
f 151/103/33 154/88/33 143/89/33 142/104/33 
f 146/90/30 156/87/30 155/62/30 145/61/30 
f 144/97/29 153/98/29 156/59/29 146/60/29 
f 154/101/34 153/59/34 144/60/34 143/102/34 
f 159/70/35 160/74/35 161/105/35 162/106/35 
f 160/76/14 159/67/14 163/70/14 164/74/14 
f 159/83/36 162/107/36 165/108/36 163/70/36 
f 165/70/16 162/83/16 161/86/16 166/74/16 
f 161/109/37 160/67/37 164/70/37 166/108/37 
f 164/74/38 163/70/38 165/110/38 166/111/38 
f 167/1/39 168/2/39 169/3/39 170/4/39 
f 168/5/40 167/6/40 171/7/40 172/8/40 
f 169/9/41 168/10/41 172/11/41 173/12/41 
f 173/12/41 172/11/41 174/13/41 
f 175/14/40 176/15/40 170/6/40 169/5/40 
f 171/16/42 167/17/42 177/18/42 178/19/42 
f 171/16/42 178/19/42 179/20/42 
f 180/21/41 175/22/41 169/9/41 181/23/41 
f 182/25/41 175/22/41 180/21/41 183/24/41 
f 182/25/41 183/24/41 184/26/41 
f 183/24/41 180/21/41 185/27/41 
f 174/28/43 172/29/43 171/30/43 179/31/43 
f 175/32/43 182/29/43 186/30/43 176/33/43 
f 177/34/44 187/35/44 180/36/44 181/37/44 
